site	PSPMASSIVE	BRANCHING	ALGAE	BARE	OTHER	RUBBLE
1	4.21	13.81	10.74	13.04	0.38	61.65
2	5.46	15.2	3.9	14.42	0	61.03
3	4.55	12.89	0.76	15.16	0.76	62.11
4	11.97	8.68	2.7	5.98	0.3	70.07
5	28.29	0	0	10.13	0	65.07
6	3.04	20.36	0.9	6.08	0	69.62
8	26.74	3.34	0.42	10.44	0	58.21
9	23.02	3.73	0.34	6.77	0	66.14
10	11.93	2	0	14.59	0	73.49
11	17.4	0	0.61	12.21	0	69.47
12	28.13	1.13	4.13	4.13	0	62.5
13	4.87	12.72	30.26	4.87	0	51.28
14	0	7.37	0.64	24.04	0	67.94
15	28.56	6.67	0	1.48	0.37	62.92
16	25.53	0	0	1.34	0	73.13
17	12.7	5.98	16.06	1.87	0	62.63
18	12.84	2.2	13.46	3.13	0.31	68.68
20	9.9	0.66	19.13	3.3	0	67.01
21	0	31.37	8.04	0.8	0	59.78
24	14.76	7.38	7.7	2.25	0	67.92
27	0	25.29	10.63	0.73	0	63.34
130	2.11	2.63	2.63	18.68	0.26	73.69
131	8.72	4.62	0.77	11.54	0.51	74.35
133	14.34	8.2	0.68	10.93	0.34	65.84
135	6.16	3.51	1.47	17.9	0.29	70.65
136	10.63	3.47	0	7.59	0	78.3
137	24.68	1.82	0.3	3.05	0.3	69.52
138	22.54	2.89	0.96	5.8	0.32	67.8
139	6.2	16.14	15.72	2.9	0.41	58.63
140	14.45	8.67	0	2.63	0.53	73.74
141	6.45	11.56	25.8	2.67	0.88	55.51
146	27.89	0	0	0.28	0.28	71.54
148	4.17	0	10.91	4.56	0.2	80.16
149	1.93	20.02	1.45	0.72	0	75.88
150	20.01	0	7.83	1.16	0	71
152	9.5	1.68	4.2	12.85	0.56	72.06
154	3.2	0.32	27.28	3.2	0	68
157	15.43	0	6.32	1.64	0	76.62
158	8.37	0.33	17.06	5.69	0.67	66.54
159	12.41	0	15.83	2.79	0	68.96
161	21.9	1.8	1.5	4.8	0	70
162	21.12	1.6	0	8.96	0.32	68
163	8.64	4.17	0	16.69	0.3	70.2
164	19.59	1.62	0	5.37	0	73.16
165	30.65	0	0	1.28	0	68.06
166	6.52	8.56	0.82	24.85	0.41	59.27
167	5.17	21.54	0	2.3	0.29	71.27
169	1.7	12.19	2.71	16.93	0.34	66.14
170	6.2	22.33	0	2.48	0	68.99
171	12.86	3.01	0.86	27	0	57.14
172	20.12	1.51	0	3.52	0	74.86
173	13.34	7.32	0.43	19.37	0.43	56.96
174	3.51	16.37	0	3.51	0	76.62
175	11.17	16.76	0.74	8.19	0.37	62.75
176	29.31	5.03	0.42	7.12	0.42	58.14
179	16.77	0	3.36	6.99	0.28	72.06
181	0.99	7.58	12.86	11.87	0	67.03
187	10.56	1.59	10.03	3.96	0	73.6
188	7.36	3.34	19.38	3.68	0	66.58
189	3.8	23.83	4.15	4.49	0	65.46
190	23.93	1.67	0.56	2.5	0.28	72.17
194	16.08	0	1.11	10.54	0	72.27
195	15.19	9.79	15.97	0	0	61.05
196	3.8	6.17	2.14	11.16	0.24	76.26
197	1.95	3.06	10.58	12.24	0	72.17
198	14.44	0.4	7.22	18.05	0	59.89
199	2.95	5.67	5.67	10.67	0	77.3
200	12.51	0.7	0.35	3.82	0	82.63
201	11.55	0.26	3.59	10.27	0	74.33
202	8.51	3.84	3.29	11.53	0.27	72.54
203	31.26	0	0.34	2.02	0	66.38
204	21.1	0.72	2	1.92	0	76.02
205	7.93	0.42	4.93	8.14	0	78.58
206	2.53	1.89	4.42	20.83	1.89	68.44
207	12.77	0.76	17.29	4.89	1.51	62.42
208	21.47	2.76	2.75	1.65	0	72.48
209	0.27	24.82	1.33	0	0.27	73.3
210	10.34	14.81	6.54	2.07	0.69	65.55
211	12.05	11.34	0	11.01	0	65.6
212	19.87	5.73	3.43	9.17	0	61.79
213	20.62	7.18	0.31	2.81	0.31	68.76
214	13.94	7.16	0.8	13.93	0	60.21
215	11.71	6.9	1.5	9.91	0	69.99
216	13.45	3.97	1.53	7.34	3.97	69.42
217	25.68	0	5.75	2.03	0.34	66.21
218	1.88	3.76	20.05	5.64	0	68.66
219	13.8	4.57	0.48	5.95	0	76.2
220	17.79	7.49	3.12	2.81	0	68.79
221	18.86	1.43	1.72	2.87	0	76.12
222	19.63	1.99	0.56	5.97	0.28	71.56
223	15.38	7	5.59	6.64	0.35	65.04
224	19.89	5.19	0.29	3.46	0	71.17
227	14.88	10.41	5.58	6.32	0	62.8
228	9.35	1.61	14.69	0.8	0.27	73.29
230	3.74	10.56	6.16	1.54	0	78
232	13.68	1.44	7.92	12.96	0	64.01
233	12.73	7.17	13.54	5.97	0.4	60.2
234	14.76	1.99	10.79	0	0.85	71.62
235	8.64	12.63	11.63	0	0	66.78
237	8.24	15.83	7.25	1.32	0	67.02
238	30.15	0.34	3.77	0	0	65.74
239	13.97	1	2.71	5.18	0.68	77.47
240	19.87	5.82	0	8.57	0	65.74
241	25.21	0	0	0.78	0	74.01
242	15.25	3.81	6.24	9.7	0	65.35
243	20.61	2.03	0	11.15	0	66.2
244	10.14	6.95	7.53	4.35	0	71.03
245	18.35	0.65	0	2.59	0	78.42
246	24.11	2.37	1.98	10.27	0.79	60.48
247	14.41	2.36	0	9.43	0	73.81
248	6.07	4.41	1.65	14.61	0	72.43
249	30.74	2.05	2.1	1.05	0	65.07
250	24.79	1.5	2.39	0.9	0	70.13
251	23.59	0.29	1.15	3.45	0.29	71.22
252	20.12	2.32	13.93	2.32	0	61.3
253	40.22	0.88	0	3.09	0	55.79
254	26.86	1.22	0	12.62	0	59.3
255	13.43	4.03	0	16.11	0	66.43
259	6.84	2.36	11.85	3.54	0	76.42
260	6.94	1.74	0.25	0	16.86	75.2
261	15.38	0.81	1.82	2.23	0	79.77
264	31.01	1.21	2.82	5.24	0	59.74
265	24.39	5.5	1.37	3.09	0	65.64
266	26.64	3.93	8.74	4.37	0	56.32
268	14.01	0.35	18.57	2.1	0	64.97
269	5.6	14.73	5.29	3.53	0.29	70.55
270	14.91	2.83	4.89	3.09	0	74.29
272	31.05	0	3.84	0	0	65.12
273	20.33	5.49	0.97	0	5.49	67.74
274	21.95	5.93	1.05	0	5.92	65.16
275	9.51	2.53	13.32	6.02	0.32	68.3
276	9.96	1.99	6.31	14.94	0	66.8
277	0	14.73	20.64	6.14	0.41	59.1
279	1.22	7.91	18.56	2.74	0	69.56
285	30.36	1	7.11	0	0	62.52
288	21.08	1	0.54	5.4	0	72.98
289	0.94	11.02	9.38	1.88	0.23	76.54
290	27.86	1.32	0	3.84	0	67.96
291	13.55	13.86	0.62	1.85	0.93	69.2
292	26.74	4.05	0	4.06	0	66.14
293	11.35	0.6	0	17.92	0	70.14
294	3.53	1.29	0.32	26.99	0	67.87
295	31.31	0	0	2.81	1.06	64.82
296	13.09	10.71	0	15.86	0	60.34
297	27.46	2.18	0	1.56	0	68.8
298	2.92	0.61	0.77	10.9	0.15	84.65
299	4.19	6.07	0	10.48	0.21	79.05
300	11.26	1.44	0.29	15.88	0	71.13
301	16.48	1.5	0	11.98	0	70.04
302	4.34	4.61	0	15.41	0.72	75.93
303	16.18	2.7	4.05	4.32	0	73.02
304	22.12	0	6.43	10.86	0	59.78
305	21.64	1.25	5.65	2.82	0	68.64
306	5.36	2.68	3.87	16.67	1.19	70.23
307	6.69	4.78	9.56	2.87	0	76.1
308	15.07	0.42	2.96	2.76	0	78.78
309	12.66	0	4.29	3.86	0.64	78.54
311	0.42	12.75	7.52	0	0.21	79.11
312	11.37	2.13	0.71	9.24	0.24	76.32
313	15.77	1.22	2.12	10.92	0.3	69.68
315	3.27	5.95	15.75	4.16	0	70.28
316	13	0.5	6.25	5.25	0	75
317	16.34	3.77	8.49	2.2	0.63	68.57
318	29.33	0	3.04	1.35	0	66.29
319	19.03	1.38	1.11	6.07	0	72.42
322	35.63	0	2.4	1.6	0.4	59.97
323	0.65	24.47	1.64	5.22	0	67.37
325	5.15	5.43	18.02	0	0	71.4
326	12.55	0.26	0.52	12.81	0.26	73.84
330	0	1.95	24.66	12.53	0	60.84
331	21.36	7.93	1.22	0	0	69.5
334	29.34	1.58	4.76	3.57	0.4	60.36
336	18.35	1.41	7.41	8.12	0	64.7
